100061894858537
100083756073796
100099436964372
100060593176300
100033405256957
100000802886462
100093355157106
100012150516871
100070645598936
100007847602832
100031509918498
100063112777548
100006547579498
100030678218165
100096369496736
100065170812463
100001195769340
100010281307171
100046533075459
100020983040146
100044566723478
100079846610906
100091467212111
100020874177521
100069939476333
100032380369038
100090276811480
100069148508001
100089254785994
100058311546158
100043125222283
100039334680550
100013330151804
100053434532347
100020375619299
100058861462745
100032093366060
100026101149789
100075297786683
100076019103581
100008707601899
100048473126948
100038293959845
100056209545084
100060300653110
100048629429043
100082022593903
100050305780211
100009684107581
100055342632071
100019568221509
100027508263451
100042241588633
100076298078185
100095336751210
100054109799294
100036981648581
100077506771135
100006184923563
100026838101590
100053988279377
100027388225307
100049942939847
100093787709245
100065839373474
100016446864132
100044015331546
100028653783159
100050854310540
100048700588774
100052012151481
100091879521345
100094415719153
100087294806713
100048155158488
100086159700749
100050795231065
100083359545415
100052788614361
100050316228736
100018957883374
100010047104365
100053216389265
100033435108113
100045701435796
100073053845850
100005238083749
100095806008298
100088499926839
100045258959877
100013224390824
100084526687071
100091791310656
100002303065791
100021281206202
100091464048141
100039354759660
100086628082570
100000581890257
100093113021048
100059164881982
100010242177617
100034461095866
100082558478786
100048540940950
100025287933911
100049425234427
100061029228524
100068589023546
100010215064293
100030130304067
100079049799149
100050631982764
100078832779753
100026139823445
100065539241134
100021404618988
100023919682657
100007180691010
100058523355712
100077365102922
100094453007963
100059738146033
100031507419273
100025821814972
100097866477095
100053423585982
100088697093287
100071145834998
100021880152831
100090049213013
100026582673651
100059980918372
100094584260283
100074846563556
100032698521262
100029476204696
100086768323397
100058645490158
100081310400678
100080966938347
100004670358417
100063411061343
100073692843747
100010876504900
100098276345126
100075573159495
100012301226986
100038449230292
100005114298826
100072876556078
100000476464840
100077967560767
100013240236772
100049032037770
100089642520505
100073996736746
100063032772513
100097727718923
100026236921064
100025871131284
100050117009535
100027836770544
100029015372627
100073361096988
100009339331634
100036018696765
100031176996429
100025050777828
100083234370532
100020932920130
100041315106384
100081223742112
100017618804068
100055841821402
100029885887358
100084195259805
100064300279102
100048810699146
100068264675539
100078859282213
100076603931585
100013877928829
100053133575138
100096888667695
100096071657297
100099624860392
100019202668525